Chung Kuo
            alpha                 DMP    s-MRTS
direction                                      
[1, 0]        0.0     [10.30478, 0.0]      None
[0.9, 0.1]    0.0   [5.52287, 0.3068] -15.58647
[0.8, 0.2]    0.0  [3.49535, 0.43688] -15.58647
[0.7, 0.3]    0.0  [2.37456, 0.50879] -15.58647
[0.6, 0.4]    0.0  [1.66339, 0.55442] -15.58647
[0.5, 0.5]    0.0  [1.17199, 0.58594] -15.58647
[0.4, 0.6]    0.0  [0.77504, 0.58123]  84.14364
[0.3, 0.7]    0.0  [0.49824, 0.58123]       NaN
[0.2, 0.8]    0.0  [0.29064, 0.58123]       NaN
[0.1, 0.9]    0.0   [0.13426, 0.6041]  -6.83768
[0, 1]        0.0       [0.0, 0.6041]       NaN


Fubon
            alpha                 DMP   s-MRTS
direction                                     
[1, 0]        0.0      [0.89733, 0.0]     None
[0.9, 0.1]    0.0  [0.89733, 0.04985]     -0.0
[0.8, 0.2]    0.0  [0.89733, 0.11216]     -0.0
[0.7, 0.3]    0.0  [0.89733, 0.19227]     -0.0
[0.6, 0.4]    0.0  [0.89733, 0.29908]     -0.0
[0.5, 0.5]    0.0          [0.0, 0.0]  3.00026
[0.4, 0.6]    0.0  [0.77504, 0.58123]  1.33345
[0.3, 0.7]    0.0  [0.49824, 0.58123]      NaN
[0.2, 0.8]    0.0  [0.29064, 0.58123]      NaN
[0.1, 0.9]    0.0  [0.12917, 0.58123]      NaN
[0, 1]        0.0      [0.0, 0.58123]      NaN


Union
            alpha                 DMP   s-MRTS
direction                                     
[1, 0]        0.0          [0.0, 0.0]     None
[0.9, 0.1]    0.0          [0.0, 0.0]      NaN
[0.8, 0.2]    0.0          [0.0, 0.0]      NaN
[0.7, 0.3]    0.0          [0.0, 0.0]      NaN
[0.6, 0.4]    0.0  [0.41045, 0.13681]  3.00026
[0.5, 0.5]    0.0  [0.27364, 0.13681]      NaN
[0.4, 0.6]    0.0  [0.18242, 0.13681]      NaN
[0.3, 0.7]    0.0          [0.0, 0.0]  1.33345
[0.2, 0.8]    0.0          [0.0, 0.0]      NaN
[0.1, 0.9]    0.0   [0.0304, 0.13681]  0.22224
[0, 1]        0.0      [0.0, 0.13681]      NaN


Cathay Century 
            alpha                 DMP    s-MRTS
direction                                      
[1, 0]        0.0      [0.62928, 0.0]      None
[0.9, 0.1]    0.0  [1.07992, 0.05999]   7.51183
[0.8, 0.2]    0.0  [0.62928, 0.07865] -24.14579
[0.7, 0.3]    0.0  [0.62928, 0.13483]      -0.0
[0.6, 0.4]    0.0          [0.0, 0.0]   4.66707
[0.5, 0.5]    0.0  [0.62928, 0.31461]   2.00017
[0.4, 0.6]    0.0          [0.0, 0.0]   2.00017
[0.3, 0.7]    0.0   [0.1131, 0.13193]   0.85722
[0.2, 0.8]    0.0  [0.06955, 0.13909]  -6.08767
[0.1, 0.9]    0.0          [0.0, 0.0]   0.50004
[0, 1]        0.0      [0.0, 0.15051]      -0.0


Newa
            alpha                 DMP      s-MRTS
direction                                        
[1, 0]        0.0      [2.02829, 0.0]        None
[0.9, 0.1]    0.0  [2.02829, 0.11267]        -0.0
[0.8, 0.2]    0.0  [0.89733, 0.11216]  2191.66771
[0.7, 0.3]    0.0  [0.89733, 0.19227]        -0.0
[0.6, 0.4]    0.0  [0.62928, 0.20974]   -15.34052
[0.5, 0.5]    0.0  [0.89733, 0.44863]     1.12209
[0.4, 0.6]    0.0  [0.90131, 0.67593]     0.01752
[0.3, 0.7]    0.0  [0.65802, 0.76762]    -2.65331
[0.2, 0.8]    0.0  [0.42732, 0.85457]    -2.65331
[0.1, 0.9]    0.0  [0.20827, 0.93713]    -2.65331
[0, 1]        0.0      [0.0, 1.01562]    -2.65331


North America
            alpha                 DMP   s-MRTS
direction                                     
[1, 0]        0.0      [2.02829, 0.0]     None
[0.9, 0.1]    0.0  [2.02829, 0.11267]     -0.0
[0.8, 0.2]    0.0  [2.02829, 0.25351]     -0.0
[0.7, 0.3]    0.0  [2.02829, 0.43459]     -0.0
[0.6, 0.4]    0.0  [2.02829, 0.67604]     -0.0
[0.5, 0.5]    0.0  [2.02829, 1.01405]     -0.0
[0.4, 0.6]    0.0  [0.84694, 0.63515]   3.1178
[0.3, 0.7]    0.0  [0.57963, 0.67618] -6.51555
[0.2, 0.8]    0.0   [0.35533, 0.7106] -6.51555
[0.1, 0.9]    0.0   [0.16444, 0.7399] -6.51555
[0, 1]        0.0      [0.0, 0.76514] -6.51555


Federal
            alpha                 DMP   s-MRTS
direction                                     
[1, 0]        0.0      [1.07992, 0.0]     None
[0.9, 0.1]    0.0  [1.07992, 0.05999]     -0.0
[0.8, 0.2]    0.0  [1.07992, 0.13498]     -0.0
[0.7, 0.3]    0.0  [1.07992, 0.23139]     -0.0
[0.6, 0.4]    0.0  [1.07992, 0.35994]     -0.0
[0.5, 0.5]    0.0  [1.07992, 0.53991]     -0.0
[0.4, 0.6]    0.0  [0.23945, 0.17957]  2.33242
[0.3, 0.7]    0.0  [0.16667, 0.19443] -4.89662
[0.2, 0.8]    0.0   [0.10366, 0.2073] -4.89662
[0.1, 0.9]    0.0  [0.04857, 0.21855] -4.89662
[0, 1]        0.0      [0.0, 0.22847] -4.89662


Asia
            alpha                 DMP    s-MRTS
direction                                      
[1, 0]        0.0      [3.04666, 0.0]      None
[0.9, 0.1]    0.0  [3.04666, 0.16924]      -0.0
[0.8, 0.2]    0.0   [3.04666, 0.3808]      -0.0
[0.7, 0.3]    0.0   [3.04666, 0.6528]      -0.0
[0.6, 0.4]    0.0  [3.04666, 1.01547]      -0.0
[0.5, 0.5]    0.0   [3.04666, 1.5232]      -0.0
[0.4, 0.6]    0.0  [0.81977, 0.61478]   2.45138
[0.3, 0.7]    0.0   [0.5462, 0.63717] -12.21531
[0.2, 0.8]    0.0  [0.32756, 0.65507] -12.21531
[0.1, 0.9]    0.0   [0.14884, 0.6697] -12.21531
[0, 1]        0.0      [0.0, 0.68189] -12.21531


