Taiwan Fire
            alpha                 DMP   s-MRTS
direction                                     
[1, 0]        0.0      [0.44269, 0.0]     None
[0.9, 0.1]    0.0   [0.40137, 0.0104] -3.97368
[0.8, 0.2]    0.0  [0.35943, 0.02095] -3.97368
[0.7, 0.3]    0.0  [0.31686, 0.03167] -3.97368
[0.6, 0.4]    0.0  [0.27365, 0.04254] -3.97368
[0.5, 0.5]    0.0  [0.22978, 0.05358] -3.97368
[0.4, 0.6]    0.0  [0.18084, 0.06325] -5.06119
[0.3, 0.7]    0.0  [0.11625, 0.06325]      NaN
[0.2, 0.8]    0.0  [0.06781, 0.06325]      NaN
[0.1, 0.9]    0.0  [0.03014, 0.06325]      NaN
[0, 1]        0.0      [0.0, 0.06325]      NaN


Chung Kuo
            alpha         DMP s-MRTS
direction                           
[1, 0]        0.0  [0.0, 0.0]   None
[0.9, 0.1]    0.0  [0.0, 0.0]    NaN
[0.8, 0.2]    0.0  [0.0, 0.0]    NaN
[0.7, 0.3]    0.0  [0.0, 0.0]    NaN
[0.6, 0.4]    0.0  [0.0, 0.0]    NaN
[0.5, 0.5]    0.0  [0.0, 0.0]    NaN
[0.4, 0.6]    0.0  [0.0, 0.0]    NaN
[0.3, 0.7]    0.0  [0.0, 0.0]    NaN
[0.2, 0.8]    0.0  [0.0, 0.0]    NaN
[0.1, 0.9]    0.0  [0.0, 0.0]    NaN
[0, 1]        0.0  [0.0, 0.0]    NaN


Tai Ping
            alpha                 DMP    s-MRTS
direction                                      
[1, 0]        0.0     [13.81015, 0.0]      None
[0.9, 0.1]    0.0  [9.34628, 0.24215] -18.43413
[0.8, 0.2]    0.0  [6.65671, 0.38805] -18.43413
[0.7, 0.3]    0.0  [2.81858, 0.28167]  36.07933
[0.6, 0.4]    0.0  [1.81195, 0.28167]       NaN
[0.5, 0.5]    0.0  [1.20796, 0.28167]       NaN
[0.4, 0.6]    0.0  [0.80531, 0.28167]       NaN
[0.3, 0.7]    0.0   [0.5177, 0.28167]       NaN
[0.2, 0.8]    0.0  [0.30199, 0.28167]       NaN
[0.1, 0.9]    0.0  [0.13422, 0.28167]       NaN
[0, 1]        0.0      [0.0, 0.28167]       NaN


Ming Tai
            alpha         DMP s-MRTS
direction                           
[1, 0]        0.0  [0.0, 0.0]   None
[0.9, 0.1]    0.0  [0.0, 0.0]    NaN
[0.8, 0.2]    0.0  [0.0, 0.0]    NaN
[0.7, 0.3]    0.0  [0.0, 0.0]    NaN
[0.6, 0.4]    0.0  [0.0, 0.0]    NaN
[0.5, 0.5]    0.0  [0.0, 0.0]    NaN
[0.4, 0.6]    0.0  [0.0, 0.0]    NaN
[0.3, 0.7]    0.0  [0.0, 0.0]    NaN
[0.2, 0.8]    0.0  [0.0, 0.0]    NaN
[0.1, 0.9]    0.0  [0.0, 0.0]    NaN
[0, 1]        0.0  [0.0, 0.0]    NaN


Union
            alpha         DMP s-MRTS
direction                           
[1, 0]        0.0  [0.0, 0.0]   None
[0.9, 0.1]    0.0  [0.0, 0.0]    NaN
[0.8, 0.2]    0.0  [0.0, 0.0]    NaN
[0.7, 0.3]    0.0  [0.0, 0.0]    NaN
[0.6, 0.4]    0.0  [0.0, 0.0]    NaN
[0.5, 0.5]    0.0  [0.0, 0.0]    NaN
[0.4, 0.6]    0.0  [0.0, 0.0]    NaN
[0.3, 0.7]    0.0  [0.0, 0.0]    NaN
[0.2, 0.8]    0.0  [0.0, 0.0]    NaN
[0.1, 0.9]    0.0  [0.0, 0.0]    NaN
[0, 1]        0.0  [0.0, 0.0]    NaN


Shingkong
            alpha         DMP s-MRTS
direction                           
[1, 0]        0.0  [0.0, 0.0]   None
[0.9, 0.1]    0.0  [0.0, 0.0]    NaN
[0.8, 0.2]    0.0  [0.0, 0.0]    NaN
[0.7, 0.3]    0.0  [0.0, 0.0]    NaN
[0.6, 0.4]    0.0  [0.0, 0.0]    NaN
[0.5, 0.5]    0.0  [0.0, 0.0]    NaN
[0.4, 0.6]    0.0  [0.0, 0.0]    NaN
[0.3, 0.7]    0.0  [0.0, 0.0]    NaN
[0.2, 0.8]    0.0  [0.0, 0.0]    NaN
[0.1, 0.9]    0.0  [0.0, 0.0]    NaN
[0, 1]        0.0  [0.0, 0.0]    NaN


Cathay Century 
            alpha                 DMP    s-MRTS
direction                                      
[1, 0]        0.0      [1.33393, 0.0]      None
[0.9, 0.1]    0.0          [0.0, 0.0]       NaN
[0.8, 0.2]    0.0  [0.44527, 0.02596]  17.15408
[0.7, 0.3]    0.0   [0.44527, 0.0445]       0.0
[0.6, 0.4]    0.0  [0.40547, 0.06303]   -2.1479
[0.5, 0.5]    0.0  [1.33393, 0.31105]   3.74357
[0.4, 0.6]    0.0  [0.26181, 0.09157]   4.88496
[0.3, 0.7]    0.0  [0.19331, 0.10518]  -5.03352
[0.2, 0.8]    0.0  [0.12691, 0.11837]  -5.03352
[0.1, 0.9]    0.0   [0.0625, 0.13117]  -5.03352
[0, 1]        0.0      [0.0, 0.14358]  -5.03352


Newa
            alpha         DMP s-MRTS
direction                           
[1, 0]        0.0  [0.0, 0.0]   None
[0.9, 0.1]    0.0  [0.0, 0.0]    NaN
[0.8, 0.2]    0.0  [0.0, 0.0]    NaN
[0.7, 0.3]    0.0  [0.0, 0.0]    NaN
[0.6, 0.4]    0.0  [0.0, 0.0]    NaN
[0.5, 0.5]    0.0  [0.0, 0.0]    NaN
[0.4, 0.6]    0.0  [0.0, 0.0]    NaN
[0.3, 0.7]    0.0  [0.0, 0.0]    NaN
[0.2, 0.8]    0.0  [0.0, 0.0]    NaN
[0.1, 0.9]    0.0  [0.0, 0.0]    NaN
[0, 1]        0.0  [0.0, 0.0]    NaN


North America
            alpha         DMP s-MRTS
direction                           
[1, 0]        0.0  [0.0, 0.0]   None
[0.9, 0.1]    0.0  [0.0, 0.0]    NaN
[0.8, 0.2]    0.0  [0.0, 0.0]    NaN
[0.7, 0.3]    0.0  [0.0, 0.0]    NaN
[0.6, 0.4]    0.0  [0.0, 0.0]    NaN
[0.5, 0.5]    0.0  [0.0, 0.0]    NaN
[0.4, 0.6]    0.0  [0.0, 0.0]    NaN
[0.3, 0.7]    0.0  [0.0, 0.0]    NaN
[0.2, 0.8]    0.0  [0.0, 0.0]    NaN
[0.1, 0.9]    0.0  [0.0, 0.0]    NaN
[0, 1]        0.0  [0.0, 0.0]    NaN


Federal
            alpha                 DMP    s-MRTS
direction                                      
[1, 0]        0.0      [1.07882, 0.0]      None
[0.9, 0.1]    0.0  [1.07882, 0.02795]      -0.0
[0.8, 0.2]    0.0  [1.07882, 0.06289]      -0.0
[0.7, 0.3]    0.0  [1.07882, 0.10781]      -0.0
[0.6, 0.4]    0.0  [1.01872, 0.15836]  -1.18878
[0.5, 0.5]    0.0  [1.07882, 0.25156]   0.64484
[0.4, 0.6]    0.0  [0.68063, 0.23807]  29.50751
[0.3, 0.7]    0.0  [0.51103, 0.27805]  -4.24199
[0.2, 0.8]    0.0  [0.34106, 0.31812]  -4.24199
[0.1, 0.9]    0.0  [0.17072, 0.35827]  -4.24199
[0, 1]        0.0      [0.0, 0.39852]  -4.24199


Asia
            alpha                DMP    s-MRTS
direction                                     
[1, 0]        0.0         [0.0, 0.0]      None
[0.9, 0.1]    0.0  [6.3577, 0.16472]  38.59668
[0.8, 0.2]    0.0  [6.3577, 0.37062]      -0.0
[0.7, 0.3]    0.0  [6.3577, 0.63535]      -0.0
[0.6, 0.4]    0.0  [6.3577, 0.98833]      -0.0
[0.5, 0.5]    0.0  [4.3438, 1.01289] -81.99579
[0.4, 0.6]    0.0         [0.0, 0.0]   4.28852
[0.3, 0.7]    0.0         [0.0, 0.0]       NaN
[0.2, 0.8]    0.0         [0.0, 0.0]       NaN
[0.1, 0.9]    0.0         [0.0, 0.0]       NaN
[0, 1]        0.0         [0.0, 0.0]       NaN


