Chunghwa Post 18
            alpha         DMP s-MRTS
direction                           
[1, 0]        0.0  [0.0, 0.0]   None
[0.9, 0.1]    0.0  [0.0, 0.0]    NaN
[0.8, 0.2]    0.0  [0.0, 0.0]    NaN
[0.7, 0.3]    0.0  [0.0, 0.0]    NaN
[0.6, 0.4]    0.0  [0.0, 0.0]    NaN
[0.5, 0.5]    0.0  [0.0, 0.0]    NaN
[0.4, 0.6]    0.0  [0.0, 0.0]    NaN
[0.3, 0.7]    0.0  [0.0, 0.0]    NaN
[0.2, 0.8]    0.0  [0.0, 0.0]    NaN
[0.1, 0.9]    0.0  [0.0, 0.0]    NaN
[0, 1]        0.0  [0.0, 0.0]    NaN


TransGlobe Life 18
            alpha                 DMP   s-MRTS
direction                                     
[1, 0]        0.0      [5.64541, 0.0]     None
[0.9, 0.1]    0.0  [5.59462, 0.80662] -0.06298
[0.8, 0.2]    0.0  [5.53239, 1.79471] -0.06298
[0.7, 0.3]    0.0  [5.45439, 3.03327] -0.06298
[0.6, 0.4]    0.0  [5.05883, 4.37623] -0.29454
[0.5, 0.5]    0.0  [3.85734, 5.00529] -1.90999
[0.4, 0.6]    0.0  [2.58008, 5.02188] -76.9847
[0.3, 0.7]    0.0  [1.65863, 5.02188]      NaN
[0.2, 0.8]    0.0  [0.96753, 5.02188]      NaN
[0.1, 0.9]    0.0  [0.43001, 5.02188]      NaN
[0, 1]        0.0      [0.0, 5.02188]      NaN


Hontai Life 19
            alpha                  DMP   s-MRTS
direction                                      
[1, 0]        0.0      [76.37969, 0.0]     None
[0.9, 0.1]    0.0    [30.99642, 4.469] -10.1551
[0.8, 0.2]    0.0  [17.78618, 5.76985] -10.1551
[0.7, 0.3]    0.0  [10.57963, 5.88349] -63.4128
[0.6, 0.4]    0.0   [6.80119, 5.88349]      NaN
[0.5, 0.5]    0.0   [4.53413, 5.88349]      NaN
[0.4, 0.6]    0.0   [3.02275, 5.88349]      NaN
[0.3, 0.7]    0.0    [1.9432, 5.88349]      NaN
[0.2, 0.8]    0.0   [1.13353, 5.88349]      NaN
[0.1, 0.9]    0.0   [0.50379, 5.88349]      NaN
[0, 1]        0.0       [0.0, 5.88349]      NaN


Bank Taiwan Life 20
            alpha                  DMP   s-MRTS
direction                                      
[1, 0]        0.0      [89.97136, 0.0]     None
[0.9, 0.1]    0.0  [25.84995, 3.72699] -17.2046
[0.8, 0.2]    0.0  [13.06605, 4.23863] -24.9861
[0.7, 0.3]    0.0   [7.92668, 4.40814] -30.3189
[0.6, 0.4]    0.0   [5.19969, 4.49809] -30.3189
[0.5, 0.5]    0.0   [3.50943, 4.55384] -30.3189
[0.4, 0.6]    0.0   [2.34272, 4.55988] -193.112
[0.3, 0.7]    0.0   [1.50604, 4.55988]      NaN
[0.2, 0.8]    0.0   [0.87852, 4.55988]      NaN
[0.1, 0.9]    0.0   [0.39045, 4.55988]      NaN
[0, 1]        0.0       [0.0, 4.55988]      NaN


Taiwan Life 20
            alpha                 DMP   s-MRTS
direction                                     
[1, 0]        0.0      [6.11144, 0.0]     None
[0.9, 0.1]    0.0  [6.11144, 0.88113]       -0
[0.8, 0.2]    0.0  [6.11144, 1.98255]       -0
[0.7, 0.3]    0.0  [6.11144, 3.39866]       -0
[0.6, 0.4]    0.0  [6.11144, 5.28681]       -0
[0.5, 0.5]    0.0  [5.32495, 6.90967] -0.48463
[0.4, 0.6]    0.0  [3.67499, 7.15301] -6.78045
[0.3, 0.7]    0.0  [2.36249, 7.15301]      NaN
[0.2, 0.8]    0.0  [1.37812, 7.15301]      NaN
[0.1, 0.9]    0.0   [0.6125, 7.15301]      NaN
[0, 1]        0.0      [0.0, 7.15301]      NaN


Cathay Life 20
            alpha         DMP s-MRTS
direction                           
[1, 0]        0.0  [0.0, 0.0]   None
[0.9, 0.1]    0.0  [0.0, 0.0]    NaN
[0.8, 0.2]    0.0  [0.0, 0.0]    NaN
[0.7, 0.3]    0.0  [0.0, 0.0]    NaN
[0.6, 0.4]    0.0  [0.0, 0.0]    NaN
[0.5, 0.5]    0.0  [0.0, 0.0]    NaN
[0.4, 0.6]    0.0  [0.0, 0.0]    NaN
[0.3, 0.7]    0.0  [0.0, 0.0]    NaN
[0.2, 0.8]    0.0  [0.0, 0.0]    NaN
[0.1, 0.9]    0.0  [0.0, 0.0]    NaN
[0, 1]        0.0  [0.0, 0.0]    NaN


China Life 20
            alpha                 DMP   s-MRTS
direction                                     
[1, 0]        0.0      [8.06014, 0.0]     None
[0.9, 0.1]    0.0   [7.7047, 1.11085] -0.31998
[0.8, 0.2]    0.0  [7.30217, 2.36883] -0.31998
[0.7, 0.3]    0.0  [6.50863, 3.61955] -0.63446
[0.6, 0.4]    0.0  [5.63825, 4.87747] -0.69192
[0.5, 0.5]    0.0   [4.1664, 5.40632] -2.78314
[0.4, 0.6]    0.0   [2.78524, 5.4212] -92.8363
[0.3, 0.7]    0.0   [1.79051, 5.4212]      NaN
[0.2, 0.8]    0.0   [1.04447, 5.4212]      NaN
[0.1, 0.9]    0.0   [0.46421, 5.4212]      NaN
[0, 1]        0.0       [0.0, 5.4212]      NaN


Nan Shan Life 20
            alpha         DMP s-MRTS
direction                           
[1, 0]        0.0  [0.0, 0.0]   None
[0.9, 0.1]    0.0  [0.0, 0.0]    NaN
[0.8, 0.2]    0.0  [0.0, 0.0]    NaN
[0.7, 0.3]    0.0  [0.0, 0.0]    NaN
[0.6, 0.4]    0.0  [0.0, 0.0]    NaN
[0.5, 0.5]    0.0  [0.0, 0.0]    NaN
[0.4, 0.6]    0.0  [0.0, 0.0]    NaN
[0.3, 0.7]    0.0  [0.0, 0.0]    NaN
[0.2, 0.8]    0.0  [0.0, 0.0]    NaN
[0.1, 0.9]    0.0  [0.0, 0.0]    NaN
[0, 1]        0.0  [0.0, 0.0]    NaN


Shin Kong Life 20
            alpha         DMP s-MRTS
direction                           
[1, 0]        0.0  [0.0, 0.0]   None
[0.9, 0.1]    0.0  [0.0, 0.0]    NaN
[0.8, 0.2]    0.0  [0.0, 0.0]    NaN
[0.7, 0.3]    0.0  [0.0, 0.0]    NaN
[0.6, 0.4]    0.0  [0.0, 0.0]    NaN
[0.5, 0.5]    0.0  [0.0, 0.0]    NaN
[0.4, 0.6]    0.0  [0.0, 0.0]    NaN
[0.3, 0.7]    0.0  [0.0, 0.0]    NaN
[0.2, 0.8]    0.0  [0.0, 0.0]    NaN
[0.1, 0.9]    0.0  [0.0, 0.0]    NaN
[0, 1]        0.0  [0.0, 0.0]    NaN


Fubon Life 20
            alpha                  DMP   s-MRTS
direction                                      
[1, 0]        0.0      [20.76363, 0.0]     None
[0.9, 0.1]    0.0  [15.14905, 2.18416] -2.57059
[0.8, 0.2]    0.0   [11.32211, 3.6729] -2.57059
[0.7, 0.3]    0.0   [7.31802, 4.06966] -10.0919
[0.6, 0.4]    0.0   [4.70444, 4.06966]      NaN
[0.5, 0.5]    0.0   [3.13629, 4.06966]      NaN
[0.4, 0.6]    0.0   [2.09086, 4.06966]      NaN
[0.3, 0.7]    0.0   [1.34413, 4.06966]      NaN
[0.2, 0.8]    0.0   [0.78407, 4.06966]      NaN
[0.1, 0.9]    0.0   [0.34848, 4.06966]      NaN
[0, 1]        0.0       [0.0, 4.06966]      NaN


Hontai Life 20
            alpha                  DMP   s-MRTS
direction                                      
[1, 0]        0.0      [37.18595, 0.0]     None
[0.9, 0.1]    0.0  [24.31983, 3.50638] -3.66934
[0.8, 0.2]    0.0  [16.97728, 5.50744] -3.66934
[0.7, 0.3]    0.0  [11.49013, 6.38983] -6.21845
[0.6, 0.4]    0.0    [7.6973, 6.65869] -14.1073
[0.5, 0.5]    0.0   [5.13154, 6.65869]      NaN
[0.4, 0.6]    0.0   [3.42102, 6.65869]      NaN
[0.3, 0.7]    0.0   [2.19923, 6.65869]      NaN
[0.2, 0.8]    0.0   [1.28288, 6.65869]      NaN
[0.1, 0.9]    0.0   [0.57017, 6.65869]      NaN
[0, 1]        0.0       [0.0, 6.65869]      NaN


